101 0 0.55
118 0.9 0.55
89 1.8 0.55
90 2.7 0.55
17 3.6 0.55
16 4.5 0.55
101 5.4 0.55
99 6.3 0.55
114 7.2 0.55
122 8.1 0.55
31 9 0.55
30 9.9 0.55
80 10.8 0.55
55 11.7 0.55
42 12.6 0.55
52 13.5 0.55
99 14.4 0.55
12 15.3 0.55
124 16.2 0.55
14 17.1 0.55
95 18 0.55
60 18.9 0.55
120 19.8 0.55
35 20.7 0.55
36 21.6 0.55
115 22.5 0.55
87 23.4 0.55
85 24.3 0.55
31 25.2 0.55
118 26.1 0.55
74 27 0.55
110 27.9 0.55
69 28.8 0.55
38 29.7 0.55
50 30.6 0.55
65 31.5 0.55
50 32.4 0.55
15 33.3 0.55
103 34.2 0.55
57 35.1 0.55
79 36 0.55
126 36.9 0.55
56 37.8 0.55
80 38.7 0.55
36 39.6 0.55
29 40.5 0.55
23 41.4 0.55
77 42.3 0.55
79 43.2 0.55
121 44.1 0.55
113 45 0.55
85 45.9 0.55
59 46.8 0.55
91 47.7 0.55
45 48.6 0.55
96 49.5 0.55
90 50.3999999999999 0.55
86 51.2999999999999 0.55
118 52.1999999999999 0.55
124 53.0999999999999 0.55
28 53.9999999999999 0.55
2 54.8999999999999 0.55
27 55.7999999999999 0.55
125 56.6999999999999 0.55
12 57.5999999999999 0.55
63 58.4999999999999 0.55
7 59.3999999999999 0.55
94 60.2999999999999 0.55
119 61.1999999999999 0.55
121 62.0999999999999 0.55
57 62.9999999999999 0.55
112 63.8999999999999 0.55
38 64.7999999999999 0.55
122 65.6999999999999 0.55
110 66.5999999999999 0.55
114 67.4999999999999 0.55
54 68.3999999999999 0.55
28 69.3 0.55
118 70.2 0.55
90 71.1 0.55
122 72 0.55
99 72.9 0.55
22 73.8 0.55
125 74.7 0.55
22 75.6 0.55
13 76.5 0.55
60 77.4 0.55
100 78.3 0.55
23 79.2 0.55
17 80.1 0.55
63 81 0.55
88 81.9 0.55
119 82.8 0.55
0 83.7 0.55
60 84.6000000000001 0.55
10 85.5000000000001 0.55
109 86.4000000000001 0.55
1 87.3000000000001 0.55
66 88.2000000000001 0.55
10 89.1000000000001 0.55
68 0 0.55
64 0.9 0.55
58 1.8 0.55
117 2.7 0.55
19 3.6 0.55
83 4.5 0.55
88 5.4 0.55
98 6.3 0.55
99 7.2 0.55
109 8.1 0.55
12 9 0.55
107 9.9 0.55
80 10.8 0.55
90 11.7 0.55
54 12.6 0.55
88 13.5 0.55
17 14.4 0.55
90 15.3 0.55
33 16.2 0.55
81 17.1 0.55
96 18 0.55
73 18.9 0.55
2 19.8 0.55
100 20.7 0.55
56 21.6 0.55
121 22.5 0.55
61 23.4 0.55
85 24.3 0.55
6 25.2 0.55
88 26.1 0.55
54 27 0.55
17 27.9 0.55
54 28.8 0.55
121 29.7 0.55
44 30.6 0.55
119 31.5 0.55
75 32.4 0.55
84 33.3 0.55
40 34.2 0.55
61 35.1 0.55
1 36 0.55
113 36.9 0.55
1 37.8 0.55
20 38.7 0.55
57 39.6 0.55
0 40.5 0.55
104 41.4 0.55
74 42.3 0.55
57 43.2 0.55
123 44.1 0.55
28 45 0.55
73 45.9 0.55
60 46.8 0.55
123 47.7 0.55
98 48.6 0.55
125 49.5 0.55
24 50.3999999999999 0.55
93 51.2999999999999 0.55
85 52.1999999999999 0.55
84 53.0999999999999 0.55
56 53.9999999999999 0.55
35 54.8999999999999 0.55
42 55.7999999999999 0.55
26 56.6999999999999 0.55
125 57.5999999999999 0.55
81 58.4999999999999 0.55
63 59.3999999999999 0.55
92 60.2999999999999 0.55
9 61.1999999999999 0.55
75 62.0999999999999 0.55
9 62.9999999999999 0.55
61 63.8999999999999 0.55
70 64.7999999999999 0.55
39 65.6999999999999 0.55
108 66.5999999999999 0.55
41 67.4999999999999 0.55
80 68.3999999999999 0.55
25 69.3 0.55
81 70.2 0.55
84 71.1 0.55
91 72 0.55
42 72.9 0.55
104 73.8 0.55
34 74.7 0.55
17 75.6 0.55
48 76.5 0.55
15 77.4 0.55
112 78.3 0.55
43 79.2 0.55
78 80.1 0.55
80 81 0.55
13 81.9 0.55
107 82.8 0.55
118 83.7 0.55
33 84.6000000000001 0.55
33 85.5000000000001 0.55
123 86.4000000000001 0.55
29 87.3000000000001 0.55
23 88.2000000000001 0.55
67 89.1000000000001 0.55
96 0 0.55
67 0.9 0.55
68 1.8 0.55
91 2.7 0.55
0 3.6 0.55
112 4.5 0.55
36 5.4 0.55
44 6.3 0.55
68 7.2 0.55
19 8.1 0.55
5 9 0.55
3 9.9 0.55
39 10.8 0.55
106 11.7 0.55
111 12.6 0.55
88 13.5 0.55
53 14.4 0.55
76 15.3 0.55
41 16.2 0.55
38 17.1 0.55
94 18 0.55
72 18.9 0.55
1 19.8 0.55
37 20.7 0.55
58 21.6 0.55
22 22.5 0.55
36 23.4 0.55
38 24.3 0.55
118 25.2 0.55
96 26.1 0.55
12 27 0.55
47 27.9 0.55
68 28.8 0.55
79 29.7 0.55
122 30.6 0.55
21 31.5 0.55
5 32.4 0.55
69 33.3 0.55
57 34.2 0.55
74 35.1 0.55
58 36 0.55
30 36.9 0.55
49 37.8 0.55
41 38.7 0.55
47 39.6 0.55
57 40.5 0.55
14 41.4 0.55
40 42.3 0.55
52 43.2 0.55
102 44.1 0.55
35 45 0.55
30 45.9 0.55
32 46.8 0.55
65 47.7 0.55
58 48.6 0.55
93 49.5 0.55
123 50.3999999999999 0.55
28 51.2999999999999 0.55
48 52.1999999999999 0.55
58 53.0999999999999 0.55
20 53.9999999999999 0.55
30 54.8999999999999 0.55
99 55.7999999999999 0.55
73 56.6999999999999 0.55
114 57.5999999999999 0.55
114 58.4999999999999 0.55
69 59.3999999999999 0.55
104 60.2999999999999 0.55
68 61.1999999999999 0.55
24 62.0999999999999 0.55
107 62.9999999999999 0.55
99 63.8999999999999 0.55
86 64.7999999999999 0.55
125 65.6999999999999 0.55
40 66.5999999999999 0.55
67 67.4999999999999 0.55
28 68.3999999999999 0.55
100 69.3 0.55
40 70.2 0.55
85 71.1 0.55
102 72 0.55
24 72.9 0.55
85 73.8 0.55
1 74.7 0.55
1 75.6 0.55
125 76.5 0.55
39 77.4 0.55
75 78.3 0.55
16 79.2 0.55
94 80.1 0.55
13 81 0.55
74 81.9 0.55
85 82.8 0.55
26 83.7 0.55
3 84.6000000000001 0.55
29 85.5000000000001 0.55
61 86.4000000000001 0.55
74 87.3000000000001 0.55
120 88.2000000000001 0.55
45 89.1000000000001 0.55
109 0 0.55
115 0.9 0.55
49 1.8 0.55
33 2.7 0.55
100 3.6 0.55
18 4.5 0.55
72 5.4 0.55
38 6.3 0.55
92 7.2 0.55
71 8.1 0.55
56 9 0.55
45 9.9 0.55
108 10.8 0.55
16 11.7 0.55
25 12.6 0.55
55 13.5 0.55
118 14.4 0.55
31 15.3 0.55
39 16.2 0.55
92 17.1 0.55
13 18 0.55
48 18.9 0.55
115 19.8 0.55
100 20.7 0.55
20 21.6 0.55
1 22.5 0.55
110 23.4 0.55
52 24.3 0.55
61 25.2 0.55
22 26.1 0.55
32 27 0.55
24 27.9 0.55
121 28.8 0.55
78 29.7 0.55
100 30.6 0.55
119 31.5 0.55
20 32.4 0.55
25 33.3 0.55
103 34.2 0.55
106 35.1 0.55
115 36 0.55
110 36.9 0.55
44 37.8 0.55
105 38.7 0.55
43 39.6 0.55
4 40.5 0.55
20 41.4 0.55
4 42.3 0.55
75 43.2 0.55
50 44.1 0.55
88 45 0.55
76 45.9 0.55
78 46.8 0.55
66 47.7 0.55
54 48.6 0.55
73 49.5 0.55
49 50.3999999999999 0.55
43 51.2999999999999 0.55
3 52.1999999999999 0.55
28 53.0999999999999 0.55
60 53.9999999999999 0.55
12 54.8999999999999 0.55
10 55.7999999999999 0.55
50 56.6999999999999 0.55
56 57.5999999999999 0.55
19 58.4999999999999 0.55
66 59.3999999999999 0.55
31 60.2999999999999 0.55
99 61.1999999999999 0.55
11 62.0999999999999 0.55
68 62.9999999999999 0.55
7 63.8999999999999 0.55
106 64.7999999999999 0.55
70 65.6999999999999 0.55
1 66.5999999999999 0.55
105 67.4999999999999 0.55
88 68.3999999999999 0.55
114 69.3 0.55
7 70.2 0.55
74 71.1 0.55
122 72 0.55
28 72.9 0.55
16 73.8 0.55
107 74.7 0.55
26 75.6 0.55
121 76.5 0.55
78 77.4 0.55
36 78.3 0.55
17 79.2 0.55
115 80.1 0.55
18 81 0.55
115 81.9 0.55
87 82.8 0.55
115 83.7 0.55
29 84.6000000000001 0.55
73 85.5000000000001 0.55
118 86.4000000000001 0.55
4 87.3000000000001 0.55
19 88.2000000000001 0.55
43 89.1000000000001 0.55
